1280 960
#camera
0 0 0
#vec2screen
0 0 1
#screenx
1.280
#screeny
0.960
#recursion depth
300
#detail, sqrt(rays per pixel)
1

0	0	0

3

0 3.9 0
1 1 1
0 0 1	

0 0 0
1 1 1
0 0 1

0 -2 0
1 1 1
0 0 1

9

1	1	1
0.3	0.7	0	1
TILE
0	1	0	3.001
1	2

0	0	0
0.3	0.7	0	1
TILE
0	1	0	3.001
1	1

#0 0.5 1
#0.3 0.7 0 1
#SPHERE
#0 -3 0
#0.7

#0 1 0.5
#0.3 0.7 0 1
#SPHERE
#0 3 0
#0.7

1 1 1
0 0.97 0 1
PLANE
-1 0 0 3

1 1 1
0 0.97 0 1
PLANE
1 0 0 3

1 1 1
0 0.97 0 1
PLANE
0.5 0 -0.86603 3

1 1 1
0 0.97 0 1
PLANE
-0.5 0 -0.86603 3

1 1 1
0 0.97 0 1
PLANE
0.5 0 0.86603 3

1 1 1
0 0.97 0 1
PLANE
-0.5 0 0.86603 3

0 0 0
1 0 0 1
PLANE
0 -1 0 3.8

#0 0 0
#1 0 0 1
#PLANE
#0 1 0 3.8



