700 700

0 0 -10
0 0 1
1 0 0
0 1 0
1 1

1

0 0 0
1 1 1
0 0 1

1

1 0 0
1 0 0 1
POLYH
6
4
-1 7 9
1 7 9
1 7 11
-1 7 11
4
-1 -2 9
-1 -2 11
1 -2 9
1 -2 11
4
-1 7 9
-1 -2 9
1 -2 9
1 7 9
4
1 7 9
1 -2 9
1 -2 11
1 7 11
4
-1 7 11
1 7 11
1 -2 11
-1 -2 11
4
-1 7 9
-1 7 11
-1 -2 11
-1 -2 9
POLYH
6
4
-5 3 9
-5 3 11
-5 1 11
-5 1 9
4
5 3 9
5 3 11
5 1 11
5 1 9
4
-5 3 9
-5 1 9
5 1 9
5 3 9
4
-5 1 11
-5 3 11
5 3 11
5 1 11
4
-5 1 9
-5 1 11
5 1 11
5 1 9
4
5 3 9
5 3 11
-5 3 11
-5 3 9
SPHERE
0 7 10
2.5


0 1 0
1 0 0 1
UNION
SPHERE
1 6.5 8.2
0.7
SPHERE
-1 6.5 8.2
0.7
ÿ